2 0.169205 0.524044 0.094755 0.366670
2 0.153976 0.157374 0.111675 0.312572
2 0.274958 0.127319 0.082910 0.252462
2 0.406091 0.124313 0.098139 0.234429
2 0.569374 0.122810 0.082910 0.237434
2 0.679357 0.115297 0.076142 0.222407
2 0.271574 0.483470 0.093063 0.327599
2 0.379019 0.528552 0.108291 0.435797
2 0.476311 0.477459 0.103215 0.369676
2 0.581218 0.501503 0.089679 0.399731
2 0.681049 0.492486 0.076142 0.327599
2 0.788494 0.472951 0.118443 0.384703
2 0.909475 0.462431 0.093063 0.399731
2 0.067682 0.881698 0.081218 0.204374
2 0.164129 0.866670 0.094755 0.234429
2 0.257191 0.874184 0.074450 0.219401
2 0.349408 0.874184 0.089679 0.243445
2 0.446701 0.859157 0.081218 0.273500
2 0.538917 0.871723 0.086294 0.256554
2 0.631134 0.865712 0.087986 0.268576
2 0.725888 0.854648 0.098139 0.288528
2 0.852792 0.844673 0.111675 0.310654
2 0.967005 0.865712 0.065990 0.268576