0 0.54453125 0.86484375 0.1171875 0.2125
0 0.75625 0.24453125 0.1859375 0.2859375
0 0.61875 0.2453125 0.140625 0.2484375
0 0.46171875 0.42734375 0.128125 0.2203125
0 0.63984375 0.47109375 0.09375 0.1859375
0 0.74375 0.48515625 0.103125 0.184375
0 0.865625 0.459375 0.1265625 0.2234375
0 0.846875 0.65078125 0.125 0.2203125
0 0.73828125 0.6734375 0.1140625 0.1625
0 0.634375 0.66171875 0.0984375 0.15625
0 0.4890625 0.6328125 0.1703125 0.2203125
0 0.31875 0.6109375 0.15625 0.2140625
0 0.11640625 0.36171875 0.1609375 0.2296875
0 0.109375 0.5875 0.171875 0.1734375
0 0.20859375 0.621875 0.1484375 0.1703125
0 0.78046875 0.890625 0.1390625 0.21875
0 0.90546875 0.89375 0.15625 0.2125
0 0.66171875 0.871875 0.125 0.23125
0 0.42109375 0.84921875 0.11875 0.203125
0 0.328125 0.84921875 0.134375 0.203125
0 0.13828125 0.81015625 0.1703125 0.2203125
0 0.234375 0.83984375 0.1453125 0.2