2 0.7896634615384616 0.4855769230769231 0.30408653846153844 0.23918269230769232
2 0.8076923076923077 0.2620192307692308 0.28966346153846156 0.16286057692307693
2 0.6430288461538461 0.17307692307692307 0.23798076923076922 0.34615384615384615
2 0.38221153846153844 0.1935096153846154 0.2746394230769231 0.21334134615384615
2 0.4375 0.5480769230769231 0.30288461538461536 0.5102163461538461
2 0.29927884615384615 0.7644230769230769 0.09915865384615384 0.47115384615384615
2 0.4987980769230769 0.8413461538461539 0.29146634615384615 0.3167067307692308
2 0.1310096153846154 0.42908653846153844 0.15865384615384615 0.5168269230769231
2 0.17598967067307691 1 0.17771084375 0.9926470576923077 0.17168674759615385 0.9411764711538461 0.25 0.8970588245192308 0.28012048076923074 0.7132352932692307 0.25 0.6691176466346154 0.2409638557692308 0.5735294110576923 0.16265060336538462 0.5882352932692307 0.09638554326923078 0.7132352932692307 0.0843373485576923 0.8088235288461539 0.1054216875 0.8823529423076923 0.09337349278846153 0.8823529423076923 0.09939759134615385 0.9632352932692307 0.0925520264423077 1 0.17598967067307691 1
2 0.5717085985576923 0.9975961538461539 0.5979047211538462 0.9975961538461539 0.64517071875 0.9927884615384616 0.687339391826923 0.9266119903846154 0.6898037956730769 0.8604355192307692 0.5457731274038461 0.8604355192307692 0.5457731274038461 0.9413178725961538 0.5717085985576923 0.9975961538461539
2 0.019230769230769232 0.5913461802884615 0.024936283653846154 0.6609869927884616 0.03365384615384615 0.6255184735576923 0.03365384615384615 0.6199448533653846 0.027948334134615387 0.5433399302884616 0.019230769230769232 0.585902141826923 0.019230769230769232 0.5913461802884615
2 0.39761932211538464 0.640130091346154 0.37653498557692305 0.6327771514423077 0.36778846153846156 0.6701428245192307 0.36778846153846156 0.7366374302884615 0.3705108894230769 0.7798359735576923 0.38205707451923077 0.8221153846153846 0.38594763221153844 0.8221153846153846 0.40966751682692304 0.8092477379807692 0.40665546875 0.6768947956730769 0.39761932211538464 0.640130091346154
2 0.4341838509615385 0.29376414182692306 0.4161115625 0.30111708173076923 0.4161115625 0.4114111995192308 0.3942307692307692 0.47817979086538465 0.3942307692307692 0.4867434951923077 0.40105131971153846 0.4922935528846154 0.4311718028846154 0.44817590625000003 0.4823766225961539 0.44817590625000003 0.47936457451923076 0.40405825721153843 0.44924409134615384 0.3672935528846154 0.4341838509615385 0.29376414182692306
2 0.45028382932692307 0.10096153846153846 0.47580224759615386 0.04432975240384615 0.4366456225961538 0.00021210336538461536 0.3794167067307692 0.014917985576923077 0.3605769230769231 0.05433904326923077 0.3605769230769231 0.10096153846153846 0.45028382932692307 0.10096153846153846
2 0.16853954326923076 0 0.12364843990384615 0.06575226442307693 0.1201923076923077 0.13324849278846154 0.1201923076923077 0.16826923076923078 0.28116311298076924 0.16826923076923078 0.2471424158653846 0.04369343990384615 0.1695821778846154 0 0.16853954326923076 0