2 0.7992788461538461 0.4483173076923077 0.3076923076923077 0.24158653846153846
2 0.8173076923076923 0.22115384615384615 0.29447115384615385 0.16466346153846154
2 0.6514423076923077 0.15264423076923078 0.2403846153846154 0.30528846153846156
2 0.3870192307692308 0.15144230769230768 0.27884615384615385 0.21634615384615385
2 0.4423076923076923 0.5120192307692307 0.30709134615384615 0.5186298076923077
2 0.3004807692307692 0.7427884615384616 0.09975961538461539 0.4879807692307692
2 0.5048076923076923 0.8245192307692307 0.296875 0.35096153846153844
2 0.13221153846153846 0.390625 0.15985576923076922 0.5258413461538461
2 0.28365384615384615 0.7659658389423077 0.28365384615384615 0.7599229134615384 0.26284005528846155 0.6871412163461539 0.2750351778846154 0.6871412163461539 0.2689376153846154 0.6050516658653846 0.28140989903846153 0.537887485576923 0.19838012500000002 0.537887485576923 0.18966932451923077 0.5752009182692308 0.19576688461538463 0.6274397235576923 0.11649859134615384 0.67221584375 0.08653846153846154 0.8555539495192307 0.08653846153846154 0.8595579807692307 0.11649859134615384 0.9035591274038463 0.1253641826923077 0.9975961538461539 0.1414604831730769 0.9975961538461539 0.20491322596153846 0.9856486802884615 0.2719863966346154 0.8587830072115386 0.28365384615384615 0.7659658389423077
2 0.6971153846153846 0.8288425673076923 0.5548780480769231 0.8288425673076923 0.5528846153846154 0.8386014663461538 0.5528846153846154 0.8721835432692308 0.5548780480769231 0.9258574927884615 0.5975609759615385 0.9930216706730769 0.64241321875 0.9975961538461539 0.6720591370192307 0.9975961538461539 0.6971153846153846 0.9430790745192308 0.6971153846153846 0.8288425673076923
2 0.019230769230769232 0.5503731298076923 0.019230769230769232 0.5574052860576922 0.024753752403846155 0.625 0.02541041346153846 0.625 0.03365384615384615 0.5913700745192307 0.03365384615384615 0.5841704807692307 0.02796669951923077 0.5076061995192307 0.019230769230769232 0.5503731298076923
2 0.40739329326923074 0.64231128125 0.3951981706730769 0.5975351610576923 0.3701923076923077 0.6111370240384615 0.3701923076923077 0.7196648557692308 0.3708079278846154 0.7467888918269231 0.37995426923076925 0.7841023245192308 0.39929496875 0.7908653846153846 0.40145906009615384 0.7908653846153846 0.4134908533653846 0.7393262067307693 0.40739329326923074 0.64231128125
2 0.46364915625 0.33573119951923075 0.4879807692307692 0.2612837211538462 0.4879807692307692 0.26105649519230767 0.4788930576923077 0.2536416466346154 0.44840525240384616 0.29841776442307694 0.39663461538461536 0.29841776442307694 0.39663461538461536 0.29927883653846155 0.39962476442307693 0.3431938846153846 0.43011256971153844 0.3805073173076923 0.44470054567307693 0.4519230769230769 0.45322760096153847 0.4519230769230769 0.46364915625 0.4476714975961539 0.46364915625 0.33573119951923075
2 0.4756104879807692 0.057692307692307696 0.48132621875 0.044973451923076925 0.4416920721153846 0.00019733173076923077 0.3837652451923077 0.015122701923076924 0.36538461538461536 0.053686752403846155 0.36538461538461536 0.057692307692307696 0.4756104879807692 0.057692307692307696
2 0.2718153918269231 0.125 0.2500390865384615 0.045045206730769234 0.17077079326923078 0.00026908653846153846 0.12503908653846155 0.06743326682692308 0.125 0.06819866346153845 0.125 0.125 0.2718153918269231 0.125