2 0.7980769230769231 0.4387019230769231 0.31971153846153844 0.25
2 0.8173076923076923 0.20432692307692307 0.30649038461538464 0.16887019230769232
2 0.6442307692307693 0.1466346153846154 0.25 0.2926682692307692
2 0.3701923076923077 0.13341346153846154 0.2890625 0.22355769230769232
2 0.42788461538461536 0.5036057692307693 0.3173076923076923 0.5354567307692307
2 0.2800480769230769 0.7427884615384616 0.10396634615384616 0.5036057692307693
2 0.49158653846153844 0.8233173076923077 0.3058894230769231 0.35336538461538464
2 0.10576923076923077 0.3798076923076923 0.16766826923076922 0.5396634615384616
2 0.14783001923076922 1 0.1550632908653846 0.9692307692307692 0.14873417788461538 0.9153846153846155 0.23101265865384615 0.8692307692307693 0.2626582283653846 0.676923076923077 0.23101265865384615 0.6307692307692307 0.22151898798076924 0.5307692307692308 0.13924050721153847 0.5461538461538461 0.06962025240384616 0.676923076923077 0.056962026442307696 0.7769230769230769 0.07911392307692308 0.8538461538461538 0.06645569711538461 0.8538461538461538 0.07278481009615384 0.9384615384615385 0.06127732932692308 1 0.14783001923076922 1
2 0.6935400432692307 0.83125 0.5432692307692307 0.83125 0.5432692307692307 0.8824703918269231 0.5448058677884615 0.9235576923076922 0.5891096634615385 0.9927884615384616 0.6365780192307693 0.9975961538461539 0.6663940793269231 0.9975961538461539 0.6935400432692307 0.9389423076923078 0.6935400432692307 0.83125
2 0.37025316346153847 0.5923076923076923 0.3575949375 0.6384615384615385 0.35126582211538465 0.7384615384615384 0.3639240504807692 0.7923076923076924 0.3860759495192308 0.7846153846153846 0.3955696201923077 0.7461538461538461 0.39873417788461535 0.6076923076923078 0.37025316346153847 0.5923076923076923
2 0.4488345913461539 0.3228365384615385 0.4741510456730769 0.24591346153846153 0.46465737500000004 0.23822115384615383 0.43301180528846156 0.284375 0.38221153846153844 0.284375 0.38221153846153844 0.3280880264423077 0.3823788942307692 0.33052884615384615 0.4140244639423077 0.36899038461538464 0.42960001923076924 0.44471153846153844 0.4328140216346154 0.44471153846153844 0.4488345913461539 0.4382211538461539 0.4488345913461539 0.3228365384615385
2 0.35179325 0 0.3860759495192308 0.038461538461538464 0.44620253125 0.023076923076923075 0.4572784807692308 0 0.35179325 0
2 0.09612341826923076 0 0.09810126682692308 0.038461538461538464 0.14556962019230768 0.10769230769230768 0.22784810096153846 0.06153846153846154 0.24472573798076924 0 0.09612341826923076 0