0 0.175676 0.478604 0.175676 0.425676
0 0.298986 0.462838 0.064189 0.448198
0 0.367399 0.478604 0.042230 0.475225
0 0.423142 0.479730 0.038851 0.477477
0 0.466216 0.478604 0.047297 0.479730
0 0.508446 0.476351 0.043919 0.475225
0 0.543919 0.475225 0.047297 0.468468
0 0.593750 0.490991 0.048986 0.472973
0 0.636824 0.503378 0.050676 0.457207
0 0.684966 0.520270 0.045608 0.472973
0 0.728885 0.497748 0.035473 0.495495
0 0.803209 0.492117 0.086149 0.470721
0 0.868243 0.538288 0.097973 0.450450
0 0.902027 0.479730 0.108108 0.409910